2010-01-01 0053 0057 0060 0060 0061 0063 0065 0062 0062 0061 0063 0070 0074 0076 0072 0070 0069 0070 0072 0072 0071 0074 0075 0079
2010-01-02 0077 0078 0079 0080 0079 0079 0078 0078 0077 0077 0076 0079 0082 0076 0073 0070 0068 0071 0074 0076 0080 0083 0084 0087
2010-01-03 0086 0087 0089 0089 0090 0094 0093 0093 0095 0095 0099 0103 0111 0106 0102 0097 0096 0099 0099 0099 0102 0100 0099 0098
2010-01-04 0094 0092 0091 0088 0084 0083 0077 0072 0067 0065 0065 0065 0066 0064 0058 0050 0045 0044 0047 0048 0051 0052 0052 0052
2010-01-05 0049 0047 0048 0046 0047 0056 0056 0056 0057 0061 0064 0067 0070 0070 0066 0065 0065 0070 0075 0078 0081 0084 0087 0087
2010-01-06 0089 0094 0094 0094 0098 0099 0100 0103 0106 0105 0110 0113 0115 0115 0116 0112 0114 0113 0118 0121 0128 0127 0134 0136
2010-01-07 0136 0137 0133 0131 0133 0138 0133 0133 0133 0134 0133 0137 0137 0134 0129 0122 0116 0114 0114 0113 0111 0110 0108 0105
2010-01-08 0102 0096 0093 0088 0086 0083 0077 0072 0069 0071 0071 0076 0079 0078 0071 0066 0063 0066 0065 0068 0071 0074 0076 0074
2010-01-09 0075 0079 0078 0077 0080 0086 0084 0079 0079 0080 0086 0089 0091 0091 0090 0087 0089 0091 0098 0101 0104 0110 0113 0113
2010-01-10 0116 0118 0120 0117 0121 0124 0121 0119 0116 0116 0116 0120 0120 0120 0114 0110 0105 0103 0102 0105 0105 0105 0105 0108
2010-01-11 0107 0107 0103 0101 0103 0101 0097 0092 0088 0085 0084 0086 0089 0087 0080 0072 0069 0067 0067 0065 0064 0064 0065 0063
2010-01-12 0063 0061 0059 0050 0048 0049 0042 //// //// 0031 0027 0032 0033 0031 0025 0020 0013 0012 0015 0017 0017 0019 0020 0021
2010-01-13 0023 0024 0022 0019 0019 0022 0019 0016 0015 0017 0017 0023 0025 0025 0022 0017 0015 0019 0023 0026 0032 0035 0039 0042
2010-01-14 0046 0046 0045 0048 0046 0052 0051 0050 0048 0050 0051 0053 0056 0056 0054 0051 0050 0055 0062 0066 0072 0079 0086 0091
2010-01-15 0097 0102 0106 0109 0115 0121 0124 0131 0134 0141 0148 0157 0161 0166 0165 0163 0162 0160 0163 0160 0162 0161 0158 0155
2010-01-16 0152 0153 0152 0150 0150 0150 0148 0148 0150 0150 0149 0154 0161 0160 0157 0154 0151 0149 0151 0151 0154 0154 0155 0157
2010-01-17 0158 0158 0156 0153 0152 0149 0145 0139 0135 0132 0130 0129 0128 0125 0117 0106 0099 0095 0093 0091 0088 0086 0083 0078
2010-01-18 0075 0073 0069 0068 0070 0069 0067 0067 0068 0072 0080 0082 0090 0095 0101 0094 0095 0102 0102 0099 0107 0106 0098 0091
2010-01-19 0080 0077 0068 0059 0049 0038 0030 0023 0012 0005 9996 9998 0003 9999 9990 9978 9968 9970 9974 9988 9996 0018 0028 0037
2010-01-20 0044 0050 0062 0077 0088 0098 0108 0104 0107 0113 0120 0128 0131 0132 0123 0108 0110 0106 0104 0100 0102 0101 0098 0100
2010-01-21 0096 0091 0092 0096 0093 0093 0096 0095 0096 0100 0106 0112 0114 0115 0113 0107 0102 0096 0096 0094 0093 0094 0093 0091
2010-01-22 0090 0083 0079 0074 0069 0066 0058 0052 0049 0048 0046 0046 0040 0041 0037 0032 0029 0026 0024 0026 0029 0027 0020 0014
2010-01-23 0013 0008 0003 9999 9994 9993 9989 9987 9981 9983 9985 9985 9983 9986 9979 9968 9964 9960 9965 9968 9971 9971 9973 9972
2010-01-24 9970 9967 9964 9962 9961 9960 9950 9944 9936 9934 9926 9924 9918 9918 9909 9902 9894 9894 9891 9892 9896 9903 9903 9904
2010-01-25 9907 9916 9926 9936 9945 9958 9969 9980 9987 0001 0011 0023 0028 0031 0035 0033 0026 0028 0036 0042 0043 0044 0040 0035
2010-01-26 0026 0024 0023 0025 0028 0036 0039 0043 0042 0043 0047 0048 0046 0039 0030 0012 9998 9987 9979 9974 9963 9955 9947 9941
2010-01-27 9933 9925 9920 9911 9907 9907 9906 9901 9902 9901 9904 9913 9914 9923 9923 9923 9923 9926 9937 9944 9951 9961 9967 9974
2010-01-28 9976 9981 9987 9990 9994 9995 9993 9990 9989 9989 9989 9990 9984 9985 9976 9966 9952 9951 9950 9949 9946 9944 9943 9942
2010-01-29 9937 9927 9924 9916 9910 9914 9905 9901 9898 9898 9906 9906 9902 9904 9909 9906 9902 9901 9907 9910 9912 9913 9914 9912
2010-01-30 9912 9912 9913 9911 9912 9914 9915 9916 9917 9919 9924 9933 9940 9943 9946 9956 9959 9973 9985 9996 0006 0013 0015 0021
2010-01-31 0027 0027 0033 0034 0037 0041 0039 0041 0046 0051 0053 0057 0057 0062 0071 0071 0072 0076 0080 0083 0086 0091 0097 0091
