A PRIORI MODEL: Niell   MAPPING FUNCTION: Niell   MIN. ELEVATION: 5

                   ( START TIME )       ( END TIME )
STATION NAME  FLG  YYYY MM DD HH MM SS  YYYY MM DD HH MM SS  ZTD  SIGMA
#10  1  1  0  0 0.0000000
SHCH             0  2009  11  05  07  20  28.00  2009  12  31  23  59  47.00  2.33265  0.00002
FATA             0  2009  11  05  07  20  28.00  2009  12  31  23  59  47.00  2.34042  0.00002
ACHE             0  2009  11  05  07  20  28.00  2009  12  31  23  59  47.00  2.33559  0.00002
HAXI             0  2009  11  05  07  20  28.00  2009  12  31  23  59  47.00  2.33923  0.00002
DUQS             0  2009  11  05  07  20  28.00  2009  12  31  23  59  47.00  2.35537  0.00002
#10  1  1  0  1 0.0000000
SHCH             0  2009  11  05  07  20  28.00  2010  01  01  00  00  55.00  2.33232  0.00002
FATA             0  2009  11  05  07  20  28.00  2010  01  01  00  00  55.00  2.33987  0.00002
ACHE             0  2009  11  05  07  20  28.00  2010  01  01  00  00  55.00  2.33453  0.00002
HAXI             0  2009  11  05  07  20  28.00  2010  01  01  00  00  55.00  2.33902  0.00002
DUQS             0  2009  11  05  07  20  28.00  2010  01  01  00  00  55.00  2.35516  0.00002
#10  1  1  0  2 0.0000000
SHCH             0  2009  11  05  07  20  28.00  2010  01  01  00  01  46.00  2.33216  0.00002
FATA             0  2009  11  05  07  20  28.00  2010  01  01  00  01  46.00  2.33941  0.00002
ACHE             0  2009  11  05  07  20  28.00  2010  01  01  00  01  46.00  2.33401  0.00002
HAXI             0  2009  11  05  07  20  28.00  2010  01  01  00  01  46.00  2.33896  0.00002
DUQS             0  2009  11  05  07  20  28.00  2010  01  01  00  01  46.00  2.35513  0.00002
#10  1  1  0  3 0.0000000
SHCH             0  2009  11  05  07  20  28.00  2010  01  01  00  02  54.00  2.33200  0.00002
FATA             0  2009  11  05  07  20  28.00  2010  01  01  00  02  54.00  2.33890  0.00002
ACHE             0  2009  11  05  07  20  28.00  2010  01  01  00  02  54.00  2.33309  0.00002
HAXI             0  2009  11  05  07  20  28.00  2010  01  01  00  02  54.00  2.33889  0.00002
DUQS             0  2009  11  05  07  20  28.00  2010  01  01  00  02  54.00  2.35463  0.00002
#10  1  1  0  4 0.0000000
SHCH             0  2009  11  05  07  20  28.00  2010  01  01  00  03  45.00  2.33202  0.00002
FATA             0  2009  11  05  07  20  28.00  2010  01  01  00  03  45.00  2.33880  0.00002
ACHE             0  2009  11  05  07  20  28.00  2010  01  01  00  03  45.00  2.33259  0.00002
HAXI             0  2009  11  05  07  20  28.00  2010  01  01  00  03  45.00  2.33881  0.00002
DUQS             0  2009  11  05  07  20  28.00  2010  01  01  00  03  45.00  2.35454  0.00002
#10  1  1  0  5 0.0000000
SHCH             0  2009  11  05  07  20  28.00  2010  01  01  00  04  53.00  2.33226  0.00002
FATA             0  2009  11  05  07  20  28.00  2010  01  01  00  04  53.00  2.33889  0.00002
ACHE             0  2009  11  05  07  20  28.00  2010  01  01  00  04  53.00  2.33209  0.00002
HAXI             0  2009  11  05  07  20  28.00  2010  01  01  00  04  53.00  2.33858  0.00002
DUQS             0  2009  11  05  07  20  28.00  2010  01  01  00  04  53.00  2.35435  0.00002
#10  1  1  0  6 0.0000000
SHCH             0  2009  11  05  07  20  28.00  2010  01  01  00  05  44.00  2.33234  0.00002
FATA             0  2009  11  05  07  20  28.00  2010  01  01  00  05  44.00  2.33919  0.00002
ACHE             0  2009  11  05  07  20  28.00  2010  01  01  00  05  44.00  2.33155  0.00002
HAXI             0  2009  11  05  07  20  28.00  2010  01  01  00  05  44.00  2.33816  0.00002
DUQS             0  2009  11  05  07  20  28.00  2010  01  01  00  05  44.00  2.35444  0.00002
#10  1  1  0  7 0.0000000
SHCH             0  2009  11  05  07  20  28.00  2010  01  01  00  06  52.00  2.33208  0.00002
FATA             0  2009  11  05  07  20  28.00  2010  01  01  00  06  52.00  2.33944  0.00002
ACHE             0  2009  11  05  07  20  28.00  2010  01  01  00  06  52.00  2.33123  0.00002
HAXI             0  2009  11  05  07  20  28.00  2010  01  01  00  06  52.00  2.33779  0.00002
DUQS             0  2009  11  05  07  20  28.00  2010  01  01  00  06  52.00  2.35467  0.00002
#10  1  1  0  8 0.0000000
SHCH             0  2009  11  05  07  20  28.00  2010  01  01  00  08  0.00  2.33170  0.00002
FATA             0  2009  11  05  07  20  28.00  2010  01  01  00  08  0.00  2.33961  0.00002
ACHE             0  2009  11  05  07  20  28.00  2010  01  01  00  08  0.00  2.33100  0.00002
HAXI             0  2009  11  05  07  20  28.00  2010  01  01  00  08  0.00  2.33739  0.00002
DUQS             0  2009  11  05  07  20  28.00  2010  01  01  00  08  0.00  2.35482  0.00002
#10  1  1  0  9 0.0000000
SHCH             0  2009  11  05  07  20  28.00  2010  01  01  00  08  51.00  2.33154  0.00002
FATA             0  2009  11  05  07  20  28.00  2010  01  01  00  08  51.00  2.33967  0.00002
ACHE             0  2009  11  05  07  20  28.00  2010  01  01  00  08  51.00  2.33046  0.00002
HAXI             0  2009  11  05  07  20  28.00  2010  01  01  00  08  51.00  2.33716  0.00002
DUQS             0  2009  11  05  07  20  28.00  2010  01  01  00  08  51.00  2.35500  0.00002
#10  1  1  0 10 0.0000000
SHCH             0  2009  11  05  07  20  28.00  2010  01  01  00  09  59.00  2.33136  0.00002
FATA             0  2009  11  05  07  20  28.00  2010  01  01  00  09  59.00  2.33986  0.00002
ACHE             0  2009  11  05  07  20  28.00  2010  01  01  00  09  59.00  2.32967  0.00002
HAXI             0  2009  11  05  07  20  28.00  2010  01  01  00  09  59.00  2.33703  0.00002
DUQS             0  2009  11  05  07  20  28.00  2010  01  01  00  09  59.00  2.35491  0.00002
#10  1  1  0 11 0.0000000
SHCH             0  2009  11  05  07  20  28.00  2010  01  01  00  10  50.00  2.33120  0.00002
FATA             0  2009  11  05  07  20  28.00  2010  01  01  00  10  50.00  2.33996  0.00002
ACHE             0  2009  11  05  07  20  28.00  2010  01  01  00  10  50.00  2.32938  0.00002
HAXI             0  2009  11  05  07  20  28.00  2010  01  01  00  10  50.00  2.33684  0.00002
DUQS             0  2009  11  05  07  20  28.00  2010  01  01  00  10  50.00  2.35481  0.00002
#10  1  1  0 12 0.0000000
SHCH             0  2009  11  05  07  20  28.00  2010  01  01  00  11  58.00  2.33052  0.00002
FATA             0  2009  11  05  07  20  28.00  2010  01  01  00  11  58.00  2.33993  0.00002
ACHE             0  2009  11  05  07  20  28.00  2010  01  01  00  11  58.00  2.32924  0.00002
HAXI             0  2009  11  05  07  20  28.00  2010  01  01  00  11  58.00  2.33700  0.00002
DUQS             0  2009  11  05  07  20  28.00  2010  01  01  00  11  58.00  2.35443  0.00002
#10  1  1  0 13 0.0000000
SHCH             0  2009  11  05  07  20  28.00  2010  01  01  00  12  49.00  2.33016  0.00002
FATA             0  2009  11  05  07  20  28.00  2010  01  01  00  12  49.00  2.33991  0.00002
ACHE             0  2009  11  05  07  20  28.00  2010  01  01  00  12  49.00  2.32904  0.00002
HAXI             0  2009  11  05  07  20  28.00  2010  01  01  00  12  49.00  2.33745  0.00002
DUQS             0  2009  11  05  07  20  28.00  2010  01  01  00  12  49.00  2.35401  0.00002
#10  1  1  0 14 0.0000000
SHCH             0  2009  11  05  07  20  28.00  2010  01  01  00  13  57.00  2.32954  0.00002
FATA             0  2009  11  05  07  20  28.00  2010  01  01  00  13  57.00  2.33961  0.00002
ACHE             0  2009  11  05  07  20  28.00  2010  01  01  00  13  57.00  2.32858  0.00002
HAXI             0  2009  11  05  07  20  28.00  2010  01  01  00  13  57.00  2.33784  0.00002
DUQS             0  2009  11  05  07  20  28.00  2010  01  01  00  13  57.00  2.35375  0.00002
#10  1  1  0 15 0.0000000
SHCH             0  2009  11  05  07  20  28.00  2010  01  01  00  14  48.00  2.32893  0.00002
FATA             0  2009  11  05  07  20  28.00  2010  01  01  00  14  48.00  2.33940  0.00002
ACHE             0  2009  11  05  07  20  28.00  2010  01  01  00  14  48.00  2.32798  0.00002
HAXI             0  2009  11  05  07  20  28.00  2010  01  01  00  14  48.00  2.33756  0.00002
DUQS             0  2009  11  05  07  20  28.00  2010  01  01  00  14  48.00  2.35392  0.00002
#10  1  1  0 16 0.0000000
SHCH             0  2009  11  05  07  20  28.00  2010  01  01  00  15  56.00  2.32864  0.00002
FATA             0  2009  11  05  07  20  28.00  2010  01  01  00  15  56.00  2.33930  0.00002
ACHE             0  2009  11  05  07  20  28.00  2010  01  01  00  15  56.00  2.32773  0.00002
HAXI             0  2009  11  05  07  20  28.00  2010  01  01  00  15  56.00  2.33683  0.00002
DUQS             0  2009  11  05  07  20  28.00  2010  01  01  00  15  56.00  2.35378  0.00002
#10  1  1  0 17 0.0000000
SHCH             0  2009  11  05  07  20  28.00  2010  01  01  00  16  47.00  2.32872  0.00002
FATA             0  2009  11  05  07  20  28.00  2010  01  01  00  16  47.00  2.33903  0.00002
ACHE             0  2009  11  05  07  20  28.00  2010  01  01  00  16  47.00  2.32804  0.00002
HAXI             0  2009  11  05  07  20  28.00  2010  01  01  00  16  47.00  2.33630  0.00002
DUQS             0  2009  11  05  07  20  28.00  2010  01  01  00  16  47.00  2.35377  0.00002
#10  1  1  0 18 0.0000000
SHCH             0  2009  11  05  07  20  28.00  2010  01  01  00  17  55.00  2.32860  0.00002
FATA             0  2009  11  05  07  20  28.00  2010  01  01  00  17  55.00  2.33885  0.00002
ACHE             0  2009  11  05  07  20  28.00  2010  01  01  00  17  55.00  2.32788  0.00002
HAXI             0  2009  11  05  07  20  28.00  2010  01  01  00  17  55.00  2.33555  0.00002
DUQS             0  2009  11  05  07  20  28.00  2010  01  01  00  17  55.00  2.35378  0.00002
#10  1  1  0 19 0.0000000
SHCH             0  2009  11  05  07  20  28.00  2010  01  01  00  18  46.00  2.32841  0.00002
FATA             0  2009  11  05  07  20  28.00  2010  01  01  00  18  46.00  2.33851  0.00002
ACHE             0  2009  11  05  07  20  28.00  2010  01  01  00  18  46.00  2.32791  0.00002
HAXI             0  2009  11  05  07  20  28.00  2010  01  01  00  18  46.00  2.33542  0.00002
DUQS             0  2009  11  05  07  20  28.00  2010  01  01  00  18  46.00  2.35396  0.00002
#10  1  1  0 20 0.0000000
SHCH             0  2009  11  05  07  20  28.00  2010  01  01  00  19  54.00  2.32833  0.00002
FATA             0  2009  11  05  07  20  28.00  2010  01  01  00  19  54.00  2.33839  0.00002
ACHE             0  2009  11  05  07  20  28.00  2010  01  01  00  19  54.00  2.32775  0.00002
HAXI             0  2009  11  05  07  20  28.00  2010  01  01  00  19  54.00  2.33544  0.00002
DUQS             0  2009  11  05  07  20  28.00  2010  01  01  00  19  54.00  2.35371  0.00002
#10  1  1  0 21 0.0000000
SHCH             0  2009  11  05  07  20  28.00  2010  01  01  00  20  45.00  2.32799  0.00002
FATA             0  2009  11  05  07  20  28.00  2010  01  01  00  20  45.00  2.33810  0.00002
ACHE             0  2009  11  05  07  20  28.00  2010  01  01  00  20  45.00  2.32789  0.00002
HAXI             0  2009  11  05  07  20  28.00  2010  01  01  00  20  45.00  2.33506  0.00002
DUQS             0  2009  11  05  07  20  28.00  2010  01  01  00  20  45.00  2.35343  0.00002
#10  1  1  0 22 0.0000000
SHCH             0  2009  11  05  07  20  28.00  2010  01  01  00  21  53.00  2.32729  0.00002
FATA             0  2009  11  05  07  20  28.00  2010  01  01  00  21  53.00  2.33761  0.00002
ACHE             0  2009  11  05  07  20  28.00  2010  01  01  00  21  53.00  2.32836  0.00002
HAXI             0  2009  11  05  07  20  28.00  2010  01  01  00  21  53.00  2.33450  0.00002
DUQS             0  2009  11  05  07  20  28.00  2010  01  01  00  21  53.00  2.35320  0.00002
#10  1  1  0 23 0.0000000
SHCH             0  2009  11  05  07  20  28.00  2010  01  01  00  22  44.00  2.32661  0.00002
FATA             0  2009  11  05  07  20  28.00  2010  01  01  00  22  44.00  2.33759  0.00002
ACHE             0  2009  11  05  07  20  28.00  2010  01  01  00  22  44.00  2.32796  0.00002
HAXI             0  2009  11  05  07  20  28.00  2010  01  01  00  22  44.00  2.33436  0.00002
DUQS             0  2009  11  05  07  20  28.00  2010  01  01  00  22  44.00  2.35293  0.00002
#10  1  1  0 24 0.0000000
SHCH             0  2009  11  05  07  20  28.00  2010  01  01  00  23  52.00  2.32660  0.00002
FATA             0  2009  11  05  07  20  28.00  2010  01  01  00  23  52.00  2.33743  0.00002
ACHE             0  2009  11  05  07  20  28.00  2010  01  01  00  23  52.00  2.32755  0.00002
HAXI             0  2009  11  05  07  20  28.00  2010  01  01  00  23  52.00  2.33470  0.00002
DUQS             0  2009  11  05  07  20  28.00  2010  01  01  00  23  52.00  2.35290  0.00002
#10  1  1  0 25 0.0000000
SHCH             0  2009  11  05  07  20  28.00  2010  01  01  00  25  0.00  2.32656  0.00002
FATA             0  2009  11  05  07  20  28.00  2010  01  01  00  25  0.00  2.33748  0.00002
ACHE             0  2009  11  05  07  20  28.00  2010  01  01  00  25  0.00  2.32732  0.00002
HAXI             0  2009  11  05  07  20  28.00  2010  01  01  00  25  0.00  2.33505  0.00002
DUQS             0  2009  11  05  07  20  28.00  2010  01  01  00  25  0.00  2.35240  0.00002
#10  1  1  0 26 0.0000000
SHCH             0  2009  11  05  07  20  28.00  2010  01  01  00  25  51.00  2.32644  0.00002
FATA             0  2009  11  05  07  20  28.00  2010  01  01  00  25  51.00  2.33734  0.00002
ACHE             0  2009  11  05  07  20  28.00  2010  01  01  00  25  51.00  2.32722  0.00002
HAXI             0  2009  11  05  07  20  28.00  2010  01  01  00  25  51.00  2.33519  0.00002
DUQS             0  2009  11  05  07  20  28.00  2010  01  01  00  25  51.00  2.35207  0.00002
#10  1  1  0 27 0.0000000
SHCH             0  2009  11  05  07  20  28.00  2010  01  01  00  26  59.00  2.32621  0.00002
FATA             0  2009  11  05  07  20  28.00  2010  01  01  00  26  59.00  2.33722  0.00002
ACHE             0  2009  11  05  07  20  28.00  2010  01  01  00  26  59.00  2.32714  0.00002
HAXI             0  2009  11  05  07  20  28.00  2010  01  01  00  26  59.00  2.33532  0.00002
DUQS             0  2009  11  05  07  20  28.00  2010  01  01  00  26  59.00  2.35158  0.00002
#10  1  1  0 28 0.0000000
SHCH             0  2009  11  05  07  20  28.00  2010  01  01  00  27  50.00  2.32602  0.00002
FATA             0  2009  11  05  07  20  28.00  2010  01  01  00  27  50.00  2.33673  0.00002
ACHE             0  2009  11  05  07  20  28.00  2010  01  01  00  27  50.00  2.32736  0.00002
HAXI             0  2009  11  05  07  20  28.00  2010  01  01  00  27  50.00  2.33531  0.00002
DUQS             0  2009  11  05  07  20  28.00  2010  01  01  00  27  50.00  2.35123  0.00002
#10  1  1  0 29 0.0000000
SHCH             0  2009  11  05  07  20  28.00  2010  01  01  00  28  58.00  2.32582  0.00002
FATA             0  2009  11  05  07  20  28.00  2010  01  01  00  28  58.00  2.33608  0.00002
ACHE             0  2009  11  05  07  20  28.00  2010  01  01  00  28  58.00  2.32748  0.00002
HAXI             0  2009  11  05  07  20  28.00  2010  01  01  00  28  58.00  2.33526  0.00002
DUQS             0  2009  11  05  07  20  28.00  2010  01  01  00  28  58.00  2.35060  0.00002
#10  1  1  0 30 0.0000000
SHCH             0  2009  11  05  07  20  28.00  2010  01  01  00  29  49.00  2.32585  0.00002
FATA             0  2009  11  05  07  20  28.00  2010  01  01  00  29  49.00  2.33577  0.00002
ACHE             0  2009  11  05  07  20  28.00  2010  01  01  00  29  49.00  2.32705  0.00002
HAXI             0  2009  11  05  07  20  28.00  2010  01  01  00  29  49.00  2.33524  0.00002
DUQS             0  2009  11  05  07  20  28.00  2010  01  01  00  29  49.00  2.35014  0.00002
#10  1  1  0 31 0.0000000
SHCH             0  2009  11  05  07  20  28.00  2010  01  01  00  30  57.00  2.32624  0.00002
FATA             0  2009  11  05  07  20  28.00  2010  01  01  00  30  57.00  2.33572  0.00002
ACHE             0  2009  11  05  07  20  28.00  2010  01  01  00  30  57.00  2.32673  0.00002
HAXI             0  2009  11  05  07  20  28.00  2010  01  01  00  30  57.00  2.33476  0.00002
DUQS             0  2009  11  05  07  20  28.00  2010  01  01  00  30  57.00  2.34981  0.00002
#10  1  1  0 32 0.0000000
SHCH             0  2009  11  05  07  20  28.00  2010  01  01  00  31  48.00  2.32636  0.00002
FATA             0  2009  11  05  07  20  28.00  2010  01  01  00  31  48.00  2.33542  0.00002
ACHE             0  2009  11  05  07  20  28.00  2010  01  01  00  31  48.00  2.32622  0.00002
HAXI             0  2009  11  05  07  20  28.00  2010  01  01  00  31  48.00  2.33420  0.00002
DUQS             0  2009  11  05  07  20  28.00  2010  01  01  00  31  48.00  2.34983  0.00002
#10  1  1  0 33 0.0000000
SHCH             0  2009  11  05  07  20  28.00  2010  01  01  00  32  56.00  2.32635  0.00002
FATA             0  2009  11  05  07  20  28.00  2010  01  01  00  32  56.00  2.33539  0.00002
ACHE             0  2009  11  05  07  20  28.00  2010  01  01  00  32  56.00  2.32563  0.00002
HAXI             0  2009  11  05  07  20  28.00  2010  01  01  00  32  56.00  2.33354  0.00002
DUQS             0  2009  11  05  07  20  28.00  2010  01  01  00  32  56.00  2.34967  0.00002
#10  1  1  0 34 0.0000000
SHCH             0  2009  11  05  07  20  28.00  2010  01  01  00  33  47.00  2.32642  0.00002
FATA             0  2009  11  05  07  20  28.00  2010  01  01  00  33  47.00  2.33540  0.00002
ACHE             0  2009  11  05  07  20  28.00  2010  01  01  00  33  47.00  2.32543  0.00002
HAXI             0  2009  11  05  07  20  28.00  2010  01  01  00  33  47.00  2.33314  0.00002
DUQS             0  2009  11  05  07  20  28.00  2010  01  01  00  33  47.00  2.34935  0.00002
#10  1  1  0 35 0.0000000
SHCH             0  2009  11  05  07  20  28.00  2010  01  01  00  34  55.00  2.32621  0.00002
FATA             0  2009  11  05  07  20  28.00  2010  01  01  00  34  55.00  2.33545  0.00002
ACHE             0  2009  11  05  07  20  28.00  2010  01  01  00  34  55.00  2.32560  0.00002
HAXI             0  2009  11  05  07  20  28.00  2010  01  01  00  34  55.00  2.33286  0.00002
DUQS             0  2009  11  05  07  20  28.00  2010  01  01  00  34  55.00  2.34870  0.00002
#10  1  1  0 36 0.0000000
SHCH             0  2009  11  05  07  20  28.00  2010  01  01  00  35  46.00  2.32598  0.00002
FATA             0  2009  11  05  07  20  28.00  2010  01  01  00  35  46.00  2.33539  0.00002
ACHE             0  2009  11  05  07  20  28.00  2010  01  01  00  35  46.00  2.32554  0.00002
HAXI             0  2009  11  05  07  20  28.00  2010  01  01  00  35  46.00  2.33254  0.00002
DUQS             0  2009  11  05  07  20  28.00  2010  01  01  00  35  46.00  2.34801  0.00002
#10  1  1  0 37 0.0000000
SHCH             0  2009  11  05  07  20  28.00  2010  01  01  00  36  54.00  2.32539  0.00002
FATA             0  2009  11  05  07  20  28.00  2010  01  01  00  36  54.00  2.33508  0.00002
ACHE             0  2009  11  05  07  20  28.00  2010  01  01  00  36  54.00  2.32540  0.00002
HAXI             0  2009  11  05  07  20  28.00  2010  01  01  00  36  54.00  2.33252  0.00002
DUQS             0  2009  11  05  07  20  28.00  2010  01  01  00  36  54.00  2.34736  0.00002
#10  1  1  0 38 0.0000000
SHCH             0  2009  11  05  07  20  28.00  2010  01  01  00  37  45.00  2.32501  0.00002
FATA             0  2009  11  05  07  20  28.00  2010  01  01  00  37  45.00  2.33499  0.00002
ACHE             0  2009  11  05  07  20  28.00  2010  01  01  00  37  45.00  2.32501  0.00002
HAXI             0  2009  11  05  07  20  28.00  2010  01  01  00  37  45.00  2.33260  0.00002
DUQS             0  2009  11  05  07  20  28.00  2010  01  01  00  37  45.00  2.34677  0.00002
#10  1  1  0 39 0.0000000
SHCH             0  2009  11  05  07  20  28.00  2010  01  01  00  38  53.00  2.32455  0.00002
FATA             0  2009  11  05  07  20  28.00  2010  01  01  00  38  53.00  2.33424  0.00002
ACHE             0  2009  11  05  07  20  28.00  2010  01  01  00  38  53.00  2.32453  0.00002
HAXI             0  2009  11  05  07  20  28.00  2010  01  01  00  38  53.00  2.33255  0.00002
DUQS             0  2009  11  05  07  20  28.00  2010  01  01  00  38  53.00  2.34652  0.00002
#10  1  1  0 40 0.0000000
SHCH             0  2009  11  05  07  20  28.00  2010  01  01  00  39  44.00  2.32400  0.00002
FATA             0  2009  11  05  07  20  28.00  2010  01  01  00  39  44.00  2.33371  0.00002
ACHE             0  2009  11  05  07  20  28.00  2010  01  01  00  39  44.00  2.32422  0.00002
HAXI             0  2009  11  05  07  20  28.00  2010  01  01  00  39  44.00  2.33246  0.00002
DUQS             0  2009  11  05  07  20  28.00  2010  01  01  00  39  44.00  2.34622  0.00002
#10  1  1  0 41 0.0000000
SHCH             0  2009  11  05  07  20  28.00  2010  01  01  00  40  52.00  2.32360  0.00002
FATA             0  2009  11  05  07  20  28.00  2010  01  01  00  40  52.00  2.33357  0.00002
ACHE             0  2009  11  05  07  20  28.00  2010  01  01  00  40  52.00  2.32397  0.00002
HAXI             0  2009  11  05  07  20  28.00  2010  01  01  00  40  52.00  2.33236  0.00002
DUQS             0  2009  11  05  07  20  28.00  2010  01  01  00  40  52.00  2.34650  0.00002
#10  1  1  0 42 0.0000000
SHCH             0  2009  11  05  07  20  28.00  2010  01  01  00  42  0.00  2.32306  0.00002
FATA             0  2009  11  05  07  20  28.00  2010  01  01  00  42  0.00  2.33338  0.00002
ACHE             0  2009  11  05  07  20  28.00  2010  01  01  00  42  0.00  2.32339  0.00002
HAXI             0  2009  11  05  07  20  28.00  2010  01  01  00  42  0.00  2.33212  0.00002
DUQS             0  2009  11  05  07  20  28.00  2010  01  01  00  42  0.00  2.34675  0.00002
#10  1  1  0 43 0.0000000
SHCH             0  2009  11  05  07  20  28.00  2010  01  01  00  42  51.00  2.32258  0.00002
FATA             0  2009  11  05  07  20  28.00  2010  01  01  00  42  51.00  2.33320  0.00002
ACHE             0  2009  11  05  07  20  28.00  2010  01  01  00  42  51.00  2.32314  0.00002
HAXI             0  2009  11  05  07  20  28.00  2010  01  01  00  42  51.00  2.33168  0.00002
DUQS             0  2009  11  05  07  20  28.00  2010  01  01  00  42  51.00  2.34665  0.00002
#10  1  1  0 44 0.0000000
SHCH             0  2009  11  05  07  20  28.00  2010  01  01  00  43  59.00  2.32185  0.00002
FATA             0  2009  11  05  07  20  28.00  2010  01  01  00  43  59.00  2.33250  0.00002
ACHE             0  2009  11  05  07  20  28.00  2010  01  01  00  43  59.00  2.32283  0.00002
HAXI             0  2009  11  05  07  20  28.00  2010  01  01  00  43  59.00  2.33082  0.00002
DUQS             0  2009  11  05  07  20  28.00  2010  01  01  00  43  59.00  2.34620  0.00002
#10  1  1  0 45 0.0000000
SHCH             0  2009  11  05  07  20  28.00  2010  01  01  00  44  50.00  2.32137  0.00002
FATA             0  2009  11  05  07  20  28.00  2010  01  01  00  44  50.00  2.33214  0.00002
ACHE             0  2009  11  05  07  20  28.00  2010  01  01  00  44  50.00  2.32269  0.00002
HAXI             0  2009  11  05  07  20  28.00  2010  01  01  00  44  50.00  2.33019  0.00002
DUQS             0  2009  11  05  07  20  28.00  2010  01  01  00  44  50.00  2.34607  0.00002
#10  1  1  0 46 0.0000000
SHCH             0  2009  11  05  07  20  28.00  2010  01  01  00  45  58.00  2.32086  0.00002
FATA             0  2009  11  05  07  20  28.00  2010  01  01  00  45  58.00  2.33136  0.00002
ACHE             0  2009  11  05  07  20  28.00  2010  01  01  00  45  58.00  2.32229  0.00002
HAXI             0  2009  11  05  07  20  28.00  2010  01  01  00  45  58.00  2.32940  0.00002
DUQS             0  2009  11  05  07  20  28.00  2010  01  01  00  45  58.00  2.34551  0.00002
#10  1  1  0 47 0.0000000
SHCH             0  2009  11  05  07  20  28.00  2010  01  01  00  46  49.00  2.32080  0.00002
FATA             0  2009  11  05  07  20  28.00  2010  01  01  00  46  49.00  2.33092  0.00002
ACHE             0  2009  11  05  07  20  28.00  2010  01  01  00  46  49.00  2.32201  0.00002
HAXI             0  2009  11  05  07  20  28.00  2010  01  01  00  46  49.00  2.32900  0.00002
DUQS             0  2009  11  05  07  20  28.00  2010  01  01  00  46  49.00  2.34510  0.00002
#10  1  1  0 48 0.0000000
SHCH             0  2009  11  05  07  20  28.00  2010  01  01  00  47  57.00  2.32086  0.00002
FATA             0  2009  11  05  07  20  28.00  2010  01  01  00  47  57.00  2.33078  0.00002
ACHE             0  2009  11  05  07  20  28.00  2010  01  01  00  47  57.00  2.32162  0.00002
HAXI             0  2009  11  05  07  20  28.00  2010  01  01  00  47  57.00  2.32866  0.00002
DUQS             0  2009  11  05  07  20  28.00  2010  01  01  00  47  57.00  2.34408  0.00002
#10  1  1  0 49 0.0000000
SHCH             0  2009  11  05  07  20  28.00  2010  01  01  00  48  48.00  2.32071  0.00002
FATA             0  2009  11  05  07  20  28.00  2010  01  01  00  48  48.00  2.33052  0.00002
ACHE             0  2009  11  05  07  20  28.00  2010  01  01  00  48  48.00  2.32140  0.00002
HAXI             0  2009  11  05  07  20  28.00  2010  01  01  00  48  48.00  2.32878  0.00002
DUQS             0  2009  11  05  07  20  28.00  2010  01  01  00  48  48.00  2.34346  0.00002
#10  1  1  0 50 0.0000000
SHCH             0  2009  11  05  07  20  28.00  2010  01  01  00  49  56.00  2.32038  0.00002
FATA             0  2009  11  05  07  20  28.00  2010  01  01  00  49  56.00  2.33017  0.00002
ACHE             0  2009  11  05  07  20  28.00  2010  01  01  00  49  56.00  2.32125  0.00002
HAXI             0  2009  11  05  07  20  28.00  2010  01  01  00  49  56.00  2.32892  0.00002
DUQS             0  2009  11  05  07  20  28.00  2010  01  01  00  49  56.00  2.34265  0.00002
#10  1  1  0 51 0.0000000
SHCH             0  2009  11  05  07  20  28.00  2010  01  01  00  50  47.00  2.32019  0.00002
FATA             0  2009  11  05  07  20  28.00  2010  01  01  00  50  47.00  2.32985  0.00002
ACHE             0  2009  11  05  07  20  28.00  2010  01  01  00  50  47.00  2.32116  0.00002
HAXI             0  2009  11  05  07  20  28.00  2010  01  01  00  50  47.00  2.32901  0.00002
DUQS             0  2009  11  05  07  20  28.00  2010  01  01  00  50  47.00  2.34255  0.00002
#10  1  1  0 52 0.0000000
SHCH             0  2009  11  05  07  20  28.00  2010  01  01  00  51  55.00  2.31998  0.00002
FATA             0  2009  11  05  07  20  28.00  2010  01  01  00  51  55.00  2.32960  0.00002
ACHE             0  2009  11  05  07  20  28.00  2010  01  01  00  51  55.00  2.32072  0.00002
HAXI             0  2009  11  05  07  20  28.00  2010  01  01  00  51  55.00  2.32879  0.00002
DUQS             0  2009  11  05  07  20  28.00  2010  01  01  00  51  55.00  2.34233  0.00002
#10  1  1  0 53 0.0000000
SHCH             0  2009  11  05  07  20  28.00  2010  01  01  00  52  46.00  2.31992  0.00002
FATA             0  2009  11  05  07  20  28.00  2010  01  01  00  52  46.00  2.32926  0.00002
ACHE             0  2009  11  05  07  20  28.00  2010  01  01  00  52  46.00  2.32019  0.00002
HAXI             0  2009  11  05  07  20  28.00  2010  01  01  00  52  46.00  2.32840  0.00002
DUQS             0  2009  11  05  07  20  28.00  2010  01  01  00  52  46.00  2.34176  0.00002
#10  1  1  0 54 0.0000000
SHCH             0  2009  11  05  07  20  28.00  2010  01  01  00  53  54.00  2.31979  0.00002
FATA             0  2009  11  05  07  20  28.00  2010  01  01  00  53  54.00  2.32868  0.00002
ACHE             0  2009  11  05  07  20  28.00  2010  01  01  00  53  54.00  2.31976  0.00002
HAXI             0  2009  11  05  07  20  28.00  2010  01  01  00  53  54.00  2.32788  0.00002
DUQS             0  2009  11  05  07  20  28.00  2010  01  01  00  53  54.00  2.34118  0.00002
#10  1  1  0 55 0.0000000
SHCH             0  2009  11  05  07  20  28.00  2010  01  01  00  54  45.00  2.31952  0.00002
FATA             0  2009  11  05  07  20  28.00  2010  01  01  00  54  45.00  2.32831  0.00002
ACHE             0  2009  11  05  07  20  28.00  2010  01  01  00  54  45.00  2.31952  0.00002
HAXI             0  2009  11  05  07  20  28.00  2010  01  01  00  54  45.00  2.32761  0.00002
DUQS             0  2009  11  05  07  20  28.00  2010  01  01  00  54  45.00  2.34112  0.00002
#10  1  1  0 56 0.0000000
SHCH             0  2009  11  05  07  20  28.00  2010  01  01  00  55  53.00  2.31916  0.00002
FATA             0  2009  11  05  07  20  28.00  2010  01  01  00  55  53.00  2.32820  0.00002
ACHE             0  2009  11  05  07  20  28.00  2010  01  01  00  55  53.00  2.31952  0.00002
HAXI             0  2009  11  05  07  20  28.00  2010  01  01  00  55  53.00  2.32738  0.00002
DUQS             0  2009  11  05  07  20  28.00  2010  01  01  00  55  53.00  2.34084  0.00002
#10  1  1  0 57 0.0000000
SHCH             0  2009  11  05  07  20  28.00  2010  01  01  00  56  44.00  2.31910  0.00002
FATA             0  2009  11  05  07  20  28.00  2010  01  01  00  56  44.00  2.32758  0.00002
ACHE             0  2009  11  05  07  20  28.00  2010  01  01  00  56  44.00  2.31944  0.00002
HAXI             0  2009  11  05  07  20  28.00  2010  01  01  00  56  44.00  2.32669  0.00002
DUQS             0  2009  11  05  07  20  28.00  2010  01  01  00  56  44.00  2.34018  0.00002
#10  1  1  0 58 0.0000000
SHCH             0  2009  11  05  07  20  28.00  2010  01  01  00  57  52.00  2.31919  0.00002
FATA             0  2009  11  05  07  20  28.00  2010  01  01  00  57  52.00  2.32727  0.00002
ACHE             0  2009  11  05  07  20  28.00  2010  01  01  00  57  52.00  2.31949  0.00002
HAXI             0  2009  11  05  07  20  28.00  2010  01  01  00  57  52.00  2.32637  0.00002
DUQS             0  2009  11  05  07  20  28.00  2010  01  01  00  57  52.00  2.33961  0.00002
#10  1  1  0 59 0.0000000
SHCH             0  2009  11  05  07  20  28.00  2010  01  01  00  59  0.00  2.31919  0.00002
FATA             0  2009  11  05  07  20  28.00  2010  01  01  00  59  0.00  2.32695  0.00002
ACHE             0  2009  11  05  07  20  28.00  2010  01  01  00  59  0.00  2.31943  0.00002
HAXI             0  2009  11  05  07  20  28.00  2010  01  01  00  59  0.00  2.32610  0.00002
DUQS             0  2009  11  05  07  20  28.00  2010  01  01  00  59  0.00  2.33921  0.00002
