2010-01-01 -264 -259 -297 -301 -308 -300 -312 -311 -314 -314 -315 -314 -302 -274 -257 -237 -228 -229 -237 -248 -256 -258 -255 -261
2010-01-02 -267 -272 -289 -306 -304 -280 -285 -305 -288 -287 -284 -289 -295 -253 -232 -223 -219 -217 -216 -221 -225 -228 -230 -234
2010-01-03 -237 -240 -243 -255 -257 -262 -269 -271 -280 -285 -288 -288 -275 -255 -235 -217 -205 -200 -201 -209 -223 -227 -234 -232
2010-01-04 -235 -255 -267 -271 -280 -286 -294 -293 -296 -283 -285 -277 -264 -250 -230 -200 -186 -182 -184 -188 -185 -182 -184 -182
2010-01-05 -183 -187 -193 -194 -199 -220 -231 -228 -211 -205 -201 -203 -197 -190 -178 -174 -172 -170 -171 -170 -171 -172 -173 -174
2010-01-06 -177 -180 -180 -179 -179 -178 -177 -178 -181 -180 -179 -178 -176 -166 -157 -155 -150 -147 -146 -146 -147 -150 -147 -148
2010-01-07 -146 -145 -143 -148 -145 -145 -141 -143 -146 -142 -138 -134 -129 -123 -116 -107 -100 -098 -099 -103 -105 -107 -108 -105
2010-01-08 -108 -110 -110 -110 -107 -106 -108 -107 -105 -120 -127 -144 -126 -116 -095 -088 -097 -099 -098 -102 -104 -110 -122 -141
2010-01-09 -154 -142 -148 -159 -176 -189 -201 -182 -202 -203 -166 -159 -163 -138 -131 -132 -132 -122 -130 -149 -165 -167 -168 -175
2010-01-10 -182 -185 -213 -226 -214 -216 -224 -226 -231 -243 -238 -233 -222 -201 -178 -165 -152 -149 -155 -165 -171 -176 -181 -184
2010-01-11 -189 -194 -199 -218 -209 -224 -229 -235 -247 -244 -247 -236 -217 -238 -209 -190 -183 -183 -184 -196 -203 -205 -210 -215
2010-01-12 -222 -249 -253 -254 -254 -259 -266 //// //// -281 -277 -281 -255 -244 -221 -201 -189 -187 -209 -219 -228 -235 -218 -226
2010-01-13 -234 -234 -259 -265 -266 -267 -260 -256 -268 -278 -290 -286 -278 -252 -234 -221 -206 -198 -201 -206 -215 -217 -223 -223
2010-01-14 -226 -235 -245 -249 -269 -275 -276 -277 -283 -280 -273 -264 -244 -224 -198 -185 -172 -171 -177 -183 -190 -195 -192 -206
2010-01-15 -201 -208 -226 -232 -240 -247 -251 -268 -276 -282 -287 -277 -250 -224 -200 -184 -174 -170 -176 -184 -209 -220 -218 -201
2010-01-16 -214 -232 -220 -229 -242 -249 -249 -250 -256 -258 -260 -255 -232 -214 -183 -176 -169 -168 -166 -173 -188 -207 -209 -215
2010-01-17 -221 -235 -240 -245 -253 -253 -252 -255 -258 -249 -249 -224 -200 -171 -131 -115 -112 -109 -108 -108 -115 -118 -108 -103
2010-01-18 -101 -102 -090 -083 -085 -085 -086 -087 -086 -082 -080 -077 -079 -080 -082 -084 -090 -093 -095 -104 -109 -115 -113 -105
2010-01-19 -106 -116 -122 -136 -142 -149 -150 -138 -079 -042 -034 -029 -025 -022 -011 0002 0005 0006 -001 -043 -057 -098 -121 -117
2010-01-20 -118 -130 -139 -141 -140 -142 -140 -135 -134 -139 -146 -148 -144 -136 -133 -132 -136 -139 -144 -158 -165 -165 -169 -174
2010-01-21 -184 -183 -190 -188 -202 -208 -215 -220 -225 -228 -227 -222 -207 -194 -183 -180 -175 -170 -168 -173 -177 -176 -183 -184
2010-01-22 -207 -211 -222 -224 -227 -227 -236 -240 -246 -246 -245 -229 -205 -184 -167 -150 -142 -135 -133 -140 -144 -150 -163 -171
2010-01-23 -161 -168 -173 -179 -176 -166 -169 -170 -172 -174 -179 -172 -153 -135 -119 -108 -095 -089 -087 -090 -097 -103 -118 -121
2010-01-24 -125 -117 -115 -107 -109 -110 -116 -115 -125 -139 -132 -128 -098 -084 -071 -062 -056 -050 -044 -054 -062 -066 -079 -082
2010-01-25 -094 -110 -121 -126 -122 -130 -132 -140 -148 -156 -159 -159 -165 -160 -155 -149 -142 -142 -139 -142 -148 -151 -156 -149
2010-01-26 -151 -163 -162 -154 -158 -168 -171 -174 -190 -192 -198 -186 -153 -132 -108 -091 -078 -064 -061 -063 -071 -069 -067 -067
2010-01-27 -070 -041 -043 -048 -045 -045 -045 -047 -035 -037 -038 -039 -037 -037 -052 -053 -062 -069 -078 -094 -106 -109 -117 -120
2010-01-28 -127 -126 -139 -148 -152 -156 -165 -178 -179 -203 -210 -199 -177 -165 -159 -148 -140 -132 -130 -127 -132 -132 -150 -151
2010-01-29 -146 -147 -141 -143 -147 -137 -135 -131 -130 -132 -133 -136 -116 -103 -091 -082 -070 -061 -058 -059 -071 -087 -090 -092
2010-01-30 -097 -086 -081 -086 -090 -096 -097 -103 -105 -112 -114 -100 -085 -066 -060 -058 -054 -054 -064 -073 -086 -092 -093 -113
2010-01-31 -127 -127 -149 -165 -177 -185 -189 -193 -198 -200 -201 -198 -169 -169 -161 -147 -143 -138 -142 -153 -157 -163 -169 -177
